0 0 293
0.5 0 293
1 0 293
1.5 0 293
2 0 293
2.5 0 293
3 0 293
3.5 0 293
4 0 293
4.5 0 293
5 0 0

0 1 253
0.5 1 273
1 1 293
1.5 1 293
2 1 293
2.5 1 293
3 1 273
3.5 1 253
4 1 234
4.5 1 200
5 1 0

0 2 207
0.5 2 224
1 2 258
1.5 2 293
2 2 293
2.5 2 273
3 2 250
3.5 2 233
4 2 200
4.5 2 150
5 2 0

0 3 150
0.5 3 193
1 3 238
1.5 3 253
2 3 263
2.5 3 258
3 3 231
3.5 3 201
4 3 182
4.5 3 124
5 3 0

0 4 94
0.5 4 122
1 4 165
1.5 4 198
2 4 213
2.5 4 199
3 4 195
3.5 4 156
4 4 132
4.5 4 54
5 4 0

0 5 30
0.5 5 48
1 5 64
1.5 5 81
2 5 105
2.5 5 113
3 5 106
3.5 5 103
4 5 59
4.5 5 33
5 5 0
